2.4802733941044677
4.445219369667406
4.883463788122504
5.2980545056291195
5.2980545056291195
5.2980545056291195
6.150016100157717
6.155138157357722
6.155138157357722
6.155138157357722
6.155138157357722
6.155138157357722
6.155138157357722
6.155138157357722
6.155138157357722
6.155138157357722
6.155138157357722
6.155138157357722
6.155138157357722
6.284107883335785
6.284107883335785
6.284107883335785
6.284107883335785
6.284107883335785
6.284107883335785
6.284107883335785
6.284107883335785
6.284107883335785
6.462703779429501
6.462703779429501
6.462703779429501
6.462703779429501
6.462703779429501
6.462703779429501
6.462703779429501
6.462703779429501
6.462703779429501
6.462703779429501
6.462703779429501
6.462703779429501
6.462703779429501
6.462703779429501
6.462703779429501
6.462703779429501
6.462703779429501
6.608348598256096
6.608348598256096
6.608348598256096
6.608348598256096
6.608348598256096
6.608348598256096
6.608348598256096
6.608348598256096
6.608348598256096
6.608348598256096
6.608348598256096
6.608348598256096
6.608348598256096
6.608348598256096
6.608348598256096
6.608348598256096
6.608348598256096
6.608348598256096
6.608348598256096
6.608348598256096
6.608348598256096
6.608348598256096
6.608348598256096
6.608348598256096
6.608348598256096
6.608348598256096
6.608348598256096
6.608348598256096
6.608348598256096
6.608348598256096
6.608348598256096
6.608348598256096
6.608348598256096
6.608348598256096
6.608348598256096
6.608348598256096
6.608348598256096
6.608348598256096
6.608348598256096
6.608348598256096
6.608348598256096
6.608348598256096
6.608348598256096
6.608348598256096
6.608348598256096
6.608348598256096
6.608348598256096
6.608348598256096
6.608348598256096
6.608348598256096
6.803846904340972
6.803846904340972
6.803846904340972
6.803846904340972
6.803846904340972
6.803846904340972
6.803846904340972
6.803846904340972
6.803846904340972
6.803846904340972
6.803846904340972
6.803846904340972
6.803846904340972
6.803846904340972
6.803846904340972
6.803846904340972
6.803846904340972
6.803846904340972
6.803846904340972
6.803846904340972
6.803846904340972
6.803846904340972
6.803846904340972
6.803846904340972
6.803846904340972
6.803846904340972
6.803846904340972
6.803846904340972
6.803846904340972
6.803846904340972
6.803846904340972
6.803846904340972
6.803846904340972
6.803846904340972
6.803846904340972
6.803846904340972
6.803846904340972
6.803846904340972
6.803846904340972
6.803846904340972
6.803846904340972
6.803846904340972
6.803846904340972
6.803846904340972
6.803846904340972
6.803846904340972
6.803846904340972
6.803846904340972
6.803846904340972
6.803846904340972
6.803846904340972
6.803846904340972
6.803846904340972
6.803846904340972
6.803846904340972
6.803846904340972
6.803846904340972
6.803846904340972
6.803846904340972
6.803846904340972
6.803846904340972
6.803846904340972
6.803846904340972
6.803846904340972
6.803846904340972
6.803846904340972
6.803846904340972
6.803846904340972
6.803846904340972
6.803846904340972
6.803846904340972
6.803846904340972
6.803846904340972
6.803846904340972
6.803846904340972
6.803846904340972
6.803846904340972
6.803846904340972
6.803846904340972
6.803846904340972
6.803846904340972
6.803846904340972
6.803846904340972
6.803846904340972
6.803846904340972
6.803846904340972
6.803846904340972
6.803846904340972
6.803846904340972
6.803846904340972
6.803846904340972
6.803846904340972
6.803846904340972
6.803846904340972
6.803846904340972
6.803846904340972
6.803846904340972
6.803846904340972
6.803846904340972
6.803846904340972
6.803846904340972
6.803846904340972
6.803846904340972
6.803846904340972
6.803846904340972
