1.0007575301221159
1.218530178023534
2.551675926351856
2.9056171686267542
3.240043805369385
3.3621062160412696
6.4453188873195755
7.115603397546014
7.115603397546014
7.115603397546014
7.115603397546014
7.115603397546014
7.115603397546014
7.115603397546014
7.115603397546014
7.115603397546014
7.115603397546014
7.115603397546014
7.115603397546014
7.5518026886832414
7.5518026886832414
7.5518026886832414
7.5518026886832414
7.5518026886832414
7.5518026886832414
7.5518026886832414
7.5518026886832414
7.5518026886832414
7.5518026886832414
7.5518026886832414
7.5518026886832414
7.5518026886832414
7.5518026886832414
7.5518026886832414
7.5518026886832414
7.5518026886832414
7.5518026886832414
7.5518026886832414
7.5518026886832414
7.5518026886832414
7.5518026886832414
7.5518026886832414
7.5518026886832414
7.5518026886832414
7.5518026886832414
7.5518026886832414
7.5518026886832414
7.5518026886832414
7.5518026886832414
7.5518026886832414
7.5518026886832414
7.5518026886832414
7.5518026886832414
7.5518026886832414
7.5518026886832414
7.5518026886832414
7.5518026886832414
7.5518026886832414
7.5518026886832414
7.5518026886832414
7.5518026886832414
7.5518026886832414
7.5518026886832414
7.5518026886832414
7.5518026886832414
7.5518026886832414
7.5518026886832414
7.5518026886832414
7.5518026886832414
7.5518026886832414
7.5518026886832414
7.5518026886832414
7.5518026886832414
7.5518026886832414
7.5518026886832414
7.5518026886832414
7.5518026886832414
7.5518026886832414
7.5518026886832414
7.5518026886832414
7.5518026886832414
7.5518026886832414
7.5518026886832414
7.5518026886832414
7.5518026886832414
7.5518026886832414
7.5518026886832414
7.5518026886832414
7.5518026886832414
7.5518026886832414
7.5518026886832414
7.5518026886832414
7.5518026886832414
7.5518026886832414
7.5518026886832414
7.5518026886832414
7.5518026886832414
7.5518026886832414
7.5518026886832414
7.5518026886832414
7.5518026886832414
7.5518026886832414
7.5518026886832414
7.5518026886832414
7.5518026886832414
7.5518026886832414
7.5518026886832414
7.5518026886832414
7.5518026886832414
7.694837370821765
7.694837370821765
7.694837370821765
7.694837370821765
7.694837370821765
7.694837370821765
7.694837370821765
7.694837370821765
7.694837370821765
7.694837370821765
7.694837370821765
7.694837370821765
7.694837370821765
7.694837370821765
7.694837370821765
7.752741592427346
7.752741592427346
7.752741592427346
7.752741592427346
7.752741592427346
7.752741592427346
7.752741592427346
7.752741592427346
7.752741592427346
7.752741592427346
7.752741592427346
7.752741592427346
7.752741592427346
7.752741592427346
7.752741592427346
7.752741592427346
7.752741592427346
7.752741592427346
7.752741592427346
7.752741592427346
7.752741592427346
7.752741592427346
7.752741592427346
7.752741592427346
7.752741592427346
7.752741592427346
7.752741592427346
7.752741592427346
7.752741592427346
7.752741592427346
7.752741592427346
7.752741592427346
7.752741592427346
7.752741592427346
7.752741592427346
7.752741592427346
7.752741592427346
7.752741592427346
7.752741592427346
7.752741592427346
7.752741592427346
7.752741592427346
7.776949005784982
7.776949005784982
7.776949005784982
7.776949005784982
7.776949005784982
7.776949005784982
7.776949005784982
7.776949005784982
7.776949005784982
7.776949005784982
7.776949005784982
7.776949005784982
7.776949005784982
7.776949005784982
7.776949005784982
7.776949005784982
7.776949005784982
7.776949005784982
7.776949005784982
7.776949005784982
7.776949005784982
7.776949005784982
7.776949005784982
7.776949005784982
8.406969416129467
8.406969416129467
8.406969416129467
8.406969416129467
8.406969416129467
8.406969416129467
8.406969416129467
8.406969416129467
8.406969416129467
8.406969416129467
