1.1432579488204662
1.1432579488204662
2.5635885175270077
2.5635885175270077
2.5635885175270077
2.5635885175270077
2.5635885175270077
2.5635885175270077
3.6203149679951414
3.6203149679951414
3.6203149679951414
3.6203149679951414
3.6203149679951414
3.6203149679951414
3.6203149679951414
3.6203149679951414
3.6203149679951414
3.6203149679951414
3.6203149679951414
3.6203149679951414
3.6203149679951414
3.6203149679951414
3.6203149679951414
3.6473572483003998
3.6473572483003998
3.6473572483003998
3.6473572483003998
3.6473572483003998
3.6473572483003998
3.6473572483003998
3.6473572483003998
3.6473572483003998
3.6473572483003998
3.6473572483003998
3.6473572483003998
3.6473572483003998
3.6473572483003998
3.6473572483003998
3.6473572483003998
3.6473572483003998
3.6473572483003998
3.6473572483003998
3.6473572483003998
3.6473572483003998
3.6473572483003998
4.392487599364377
4.392487599364377
4.392487599364377
4.392487599364377
4.392487599364377
4.392487599364377
4.392487599364377
5.126164317057869
5.126164317057869
5.126164317057869
5.126164317057869
5.126164317057869
5.126164317057869
5.126164317057869
5.126164317057869
5.126164317057869
5.126164317057869
5.126164317057869
5.126164317057869
5.126164317057869
5.126164317057869
5.126164317057869
5.126164317057869
5.126164317057869
5.126164317057869
5.126164317057869
5.126164317057869
5.126164317057869
5.126164317057869
5.126164317057869
5.126164317057869
5.126164317057869
5.126164317057869
5.126164317057869
5.126164317057869
5.126164317057869
5.126164317057869
5.126164317057869
5.126164317057869
5.126164317057869
5.126164317057869
5.152729469612202
5.152729469612202
5.152729469612202
5.152729469612202
5.152729469612202
5.152729469612202
5.152729469612202
5.152729469612202
5.271252427519521
5.271252427519521
5.271252427519521
5.271252427519521
5.271252427519521
5.271252427519521
5.271252427519521
5.271252427519521
5.271252427519521
5.271252427519521
5.271252427519521
5.271252427519521
5.271252427519521
5.271252427519521
5.271252427519521
5.271252427519521
5.271252427519521
5.271252427519521
5.271252427519521
5.271252427519521
5.271252427519521
5.271252427519521
5.640563242494966
5.640563242494966
5.640563242494966
5.640563242494966
5.640563242494966
5.640563242494966
5.640563242494966
5.640563242494966
5.640563242494966
5.640563242494966
5.675623658547883
5.675623658547883
5.680078452676677
5.680078452676677
5.680078452676677
5.680078452676677
5.680078452676677
5.680078452676677
5.680078452676677
5.680078452676677
5.680078452676677
5.680078452676677
5.680078452676677
5.680078452676677
5.680078452676677
5.680078452676677
5.680078452676677
5.680078452676677
5.680078452676677
5.680078452676677
5.680078452676677
5.680078452676677
5.680078452676677
5.680078452676677
5.680078452676677
5.680078452676677
5.680078452676677
5.680078452676677
5.680078452676677
5.680078452676677
5.680078452676677
5.680078452676677
5.680078452676677
5.680078452676677
5.680078452676677
5.680078452676677
5.680078452676677
5.680078452676677
5.680078452676677
5.680078452676677
5.680078452676677
5.680078452676677
5.680078452676677
5.680078452676677
5.680078452676677
5.680078452676677
5.680078452676677
5.741164058295686
5.741164058295686
5.741164058295686
5.741164058295686
5.741164058295686
5.741164058295686
5.741164058295686
5.741164058295686
5.741164058295686
5.741164058295686
5.741164058295686
5.741164058295686
5.741164058295686
5.741164058295686
5.741164058295686
5.741164058295686
5.741164058295686
5.741164058295686
5.741164058295686
5.741164058295686
5.741164058295686
5.741164058295686
5.741164058295686
5.741164058295686
5.741164058295686
5.741164058295686
5.741164058295686
