2.7454063648438236
4.149816590675159
4.980451193309359
4.980451193309359
4.980451193309359
4.980451193309359
4.980451193309359
4.980451193309359
5.213353743248668
5.213353743248668
5.213353743248668
5.213353743248668
5.213353743248668
5.213353743248668
5.213353743248668
5.213353743248668
5.213353743248668
5.319865829402573
5.319865829402573
5.319865829402573
5.319865829402573
5.319865829402573
5.321131246078189
5.321131246078189
5.5219643911217755
5.5219643911217755
5.5219643911217755
5.5219643911217755
5.5219643911217755
5.5219643911217755
5.5219643911217755
5.5219643911217755
5.5219643911217755
5.5219643911217755
5.5219643911217755
5.5219643911217755
5.5219643911217755
5.5219643911217755
5.5219643911217755
5.5219643911217755
5.545671284006532
5.545671284006532
5.545671284006532
5.545671284006532
5.545671284006532
5.545671284006532
5.545671284006532
5.545671284006532
5.545671284006532
5.545671284006532
5.545671284006532
5.545671284006532
5.545671284006532
5.545671284006532
5.545671284006532
5.545671284006532
5.545671284006532
5.545671284006532
5.545671284006532
5.545671284006532
5.545671284006532
5.545671284006532
5.545671284006532
5.545671284006532
5.545671284006532
5.545671284006532
5.545671284006532
5.545671284006532
5.545671284006532
5.545671284006532
5.6732572462686
5.6732572462686
5.6732572462686
5.6732572462686
5.6732572462686
5.6732572462686
5.6732572462686
5.6732572462686
5.6732572462686
5.6732572462686
5.6732572462686
5.6732572462686
5.6732572462686
5.6732572462686
5.6732572462686
5.6732572462686
5.6732572462686
5.6732572462686
5.6732572462686
5.6732572462686
5.6732572462686
5.6732572462686
5.6732572462686
5.6732572462686
5.6732572462686
5.6732572462686
5.6732572462686
5.6732572462686
5.6732572462686
5.6732572462686
5.6732572462686
5.6732572462686
5.6732572462686
5.6732572462686
5.6732572462686
5.6732572462686
5.6732572462686
5.6732572462686
5.6732572462686
5.6732572462686
5.6732572462686
5.6732572462686
5.6732572462686
5.6732572462686
5.6732572462686
5.6732572462686
5.6732572462686
5.6732572462686
5.6732572462686
5.6732572462686
5.6732572462686
5.6732572462686
5.6732572462686
5.6732572462686
5.6732572462686
5.6732572462686
5.704235845825048
5.704235845825048
5.704235845825048
5.704235845825048
5.704235845825048
5.704235845825048
5.704235845825048
5.704235845825048
5.770548493497218
5.770548493497218
5.770548493497218
5.770548493497218
5.770548493497218
5.770548493497218
5.770548493497218
5.770548493497218
5.793225448005194
5.793225448005194
5.793225448005194
5.793225448005194
5.793225448005194
5.793225448005194
5.793225448005194
5.793225448005194
5.793225448005194
5.793225448005194
5.793225448005194
5.793225448005194
5.793225448005194
5.793225448005194
5.953907614565308
5.953907614565308
5.953907614565308
5.953907614565308
5.953907614565308
5.953907614565308
5.953907614565308
5.953907614565308
5.953907614565308
5.953907614565308
5.953907614565308
5.953907614565308
5.953907614565308
5.953907614565308
5.953907614565308
5.953907614565308
5.953907614565308
5.953907614565308
5.953907614565308
5.953907614565308
6.063037570582755
6.063037570582755
6.063037570582755
6.063037570582755
6.063037570582755
6.063037570582755
6.063037570582755
6.063037570582755
6.063037570582755
6.063037570582755
6.063037570582755
6.063037570582755
6.063037570582755
6.063037570582755
6.063037570582755
6.063037570582755
6.063037570582755
6.063037570582755
6.063037570582755
6.063037570582755
6.063037570582755
6.063037570582755
6.247794261311807
6.247794261311807
