1.209007970198758
1.209007970198758
1.3421461296233814
1.3421461296233814
1.350980543318338
1.350980543318338
1.5361629619641575
1.6484234212195517
1.7108936391620044
1.7108936391620044
1.7543169562131171
1.8922118225383087
1.8922118225383087
1.8922118225383087
1.8922118225383087
2.2443526913547958
2.2443526913547958
2.2443526913547958
2.2443526913547958
2.2443526913547958
2.2443526913547958
2.2443526913547958
2.2443526913547958
2.2443526913547958
2.2443526913547958
2.2443526913547958
2.2443526913547958
3.7469346595108877
3.7469346595108877
3.76920927536197
3.76920927536197
3.76920927536197
3.76920927536197
3.76920927536197
3.76920927536197
3.76920927536197
3.76920927536197
3.76920927536197
3.76920927536197
3.76920927536197
3.76920927536197
3.8014059702837346
3.8014059702837346
3.8014059702837346
3.8014059702837346
3.8413622221263775
3.8413622221263775
3.8413622221263775
4.676954171648828
4.676954171648828
4.676954171648828
4.676954171648828
5.020039890192795
5.020039890192795
5.020039890192795
5.020039890192795
5.217795546497466
5.217795546497466
5.217795546497466
5.217795546497466
5.217795546497466
5.217795546497466
5.217795546497466
5.217795546497466
5.217795546497466
5.217795546497466
5.217795546497466
5.90104473236558
5.90104473236558
5.90104473236558
5.90104473236558
5.90104473236558
5.90104473236558
5.90104473236558
5.90104473236558
5.90104473236558
5.90104473236558
5.90104473236558
5.90104473236558
5.90104473236558
5.90104473236558
5.90104473236558
5.90104473236558
5.90104473236558
5.90104473236558
5.90104473236558
5.90104473236558
5.90104473236558
5.90104473236558
5.90104473236558
5.90104473236558
5.90104473236558
5.90104473236558
5.90104473236558
5.90104473236558
5.90104473236558
5.90104473236558
5.90104473236558
5.90104473236558
5.90104473236558
5.90104473236558
5.90104473236558
5.90104473236558
5.90104473236558
5.90104473236558
5.90104473236558
5.90104473236558
5.90104473236558
5.90104473236558
5.90104473236558
5.90104473236558
5.90104473236558
5.90104473236558
5.90104473236558
5.90104473236558
5.90104473236558
5.90104473236558
5.90104473236558
5.90104473236558
5.90104473236558
5.90104473236558
5.90104473236558
5.90104473236558
5.90104473236558
5.90104473236558
5.90104473236558
5.90104473236558
5.90104473236558
5.90104473236558
5.90104473236558
5.90104473236558
5.90104473236558
5.90104473236558
5.90104473236558
5.90104473236558
5.90104473236558
5.90104473236558
5.90104473236558
5.90104473236558
5.90104473236558
5.90104473236558
5.90104473236558
5.90104473236558
5.90104473236558
5.90104473236558
5.90104473236558
5.90104473236558
5.90104473236558
5.90104473236558
5.90104473236558
5.90104473236558
5.90104473236558
5.90104473236558
5.90104473236558
5.90104473236558
5.90104473236558
5.90104473236558
5.90104473236558
5.90104473236558
5.90104473236558
5.90104473236558
5.90104473236558
5.90104473236558
5.90104473236558
5.90104473236558
5.90104473236558
5.90104473236558
5.90104473236558
5.90104473236558
5.90104473236558
5.90104473236558
5.90104473236558
5.90104473236558
5.90104473236558
5.90104473236558
5.90104473236558
5.90104473236558
5.90104473236558
5.90104473236558
5.90104473236558
5.90104473236558
5.90104473236558
5.90104473236558
5.90104473236558
5.90104473236558
6.019744994688492
6.019744994688492
6.019744994688492
6.019744994688492
6.019744994688492
6.019744994688492
6.019744994688492
6.019744994688492
6.019744994688492
6.019744994688492
6.019744994688492
6.019744994688492
6.019744994688492
6.019744994688492
6.019744994688492
