1.790530919885115
2.1300732779114595
2.709459680732307
2.709459680732307
4.019099212587922
4.019099212587922
4.019099212587922
4.019099212587922
4.5390311979394316
4.64663239238655
4.64663239238655
4.8795806806434046
4.8795806806434046
4.8795806806434046
4.8795806806434046
5.775668951628334
5.775668951628334
5.775668951628334
5.775668951628334
5.775668951628334
6.051162449733584
6.051162449733584
6.051162449733584
6.73441140935056
6.73441140935056
6.73441140935056
6.931837380850435
6.931837380850435
6.931837380850435
6.931837380850435
6.931837380850435
6.931837380850435
6.931837380850435
6.931837380850435
6.931837380850435
6.931837380850435
6.931837380850435
6.931837380850435
6.931837380850435
6.931837380850435
6.931837380850435
6.931837380850435
6.931837380850435
6.931837380850435
6.931837380850435
6.931837380850435
6.931837380850435
6.931837380850435
6.931837380850435
6.931837380850435
6.931837380850435
6.931837380850435
6.931837380850435
6.931837380850435
6.931837380850435
6.931837380850435
6.931837380850435
6.931837380850435
6.931837380850435
6.931837380850435
6.931837380850435
6.931837380850435
6.931837380850435
6.931837380850435
6.931837380850435
6.931837380850435
6.931837380850435
6.931837380850435
6.931837380850435
6.931837380850435
6.931837380850435
6.931837380850435
6.931837380850435
6.931837380850435
7.087187297545193
7.087187297545193
7.087187297545193
7.087187297545193
7.087187297545193
7.087187297545193
7.087187297545193
7.087187297545193
7.087187297545193
7.087187297545193
7.087187297545193
7.087187297545193
7.087187297545193
7.087187297545193
7.087187297545193
7.087187297545193
7.463792782721267
7.463792782721267
7.463792782721267
7.463792782721267
7.463792782721267
7.463792782721267
7.463792782721267
7.463792782721267
7.463792782721267
7.463792782721267
7.463792782721267
7.463792782721267
7.463792782721267
7.463792782721267
7.463792782721267
7.463792782721267
7.463792782721267
7.463792782721267
7.463792782721267
7.463792782721267
7.463792782721267
7.463792782721267
7.463792782721267
7.463792782721267
7.463792782721267
7.463792782721267
7.463792782721267
7.463792782721267
7.463792782721267
7.463792782721267
7.463792782721267
7.463792782721267
7.463792782721267
7.463792782721267
7.463792782721267
7.463792782721267
7.463792782721267
7.463792782721267
7.463792782721267
7.463792782721267
7.463792782721267
7.463792782721267
7.463792782721267
7.463792782721267
7.463792782721267
7.463792782721267
7.463792782721267
7.463792782721267
7.463792782721267
7.463792782721267
7.463792782721267
7.463792782721267
7.463792782721267
7.463792782721267
7.463792782721267
7.463792782721267
7.463792782721267
7.463792782721267
7.463792782721267
7.463792782721267
7.463792782721267
7.463792782721267
7.463792782721267
7.463792782721267
7.463792782721267
7.463792782721267
7.463792782721267
7.463792782721267
7.463792782721267
7.463792782721267
7.463792782721267
7.463792782721267
7.463792782721267
7.463792782721267
7.463792782721267
7.463792782721267
7.463792782721267
7.463792782721267
7.463792782721267
7.463792782721267
7.463792782721267
7.463792782721267
7.463792782721267
7.463792782721267
7.463792782721267
7.463792782721267
7.463792782721267
7.463792782721267
7.463792782721267
7.463792782721267
7.463792782721267
7.463792782721267
7.463792782721267
7.463792782721267
7.463792782721267
7.463792782721267
7.463792782721267
7.463792782721267
7.463792782721267
7.463792782721267
7.463792782721267
7.463792782721267
7.463792782721267
7.463792782721267
7.463792782721267
7.463792782721267
7.463792782721267
7.463792782721267
7.463792782721267
7.463792782721267
