1.9727163051463532
1.9814294431615926
5.542317524552584
6.827375827290852
7.117343772456214
7.9676502356069445
7.9676502356069445
7.9676502356069445
8.06441137565664
8.30075593560611
8.30075593560611
8.30075593560611
8.410466032323965
8.410466032323965
8.410466032323965
8.410466032323965
8.45754655129891
8.45754655129891
8.459872494061162
8.459872494061162
8.459872494061162
8.459872494061162
8.459872494061162
8.459872494061162
8.459872494061162
8.459872494061162
8.459872494061162
8.459872494061162
8.459872494061162
8.459872494061162
8.46021647980692
8.46021647980692
8.46021647980692
8.46021647980692
8.46021647980692
8.46021647980692
8.46021647980692
8.46021647980692
8.46021647980692
8.46021647980692
8.46021647980692
8.46021647980692
8.46021647980692
8.46021647980692
8.482056882034415
8.482056882034415
8.482056882034415
8.482056882034415
8.482056882034415
8.482056882034415
8.482056882034415
8.482056882034415
8.482056882034415
8.482056882034415
8.482056882034415
8.482056882034415
8.482056882034415
8.482056882034415
8.482056882034415
8.482056882034415
8.482056882034415
8.482056882034415
8.482056882034415
8.482056882034415
8.482056882034415
8.482056882034415
8.482056882034415
8.482056882034415
8.482056882034415
8.482056882034415
8.482056882034415
8.482056882034415
8.482056882034415
8.482056882034415
8.482056882034415
8.482056882034415
8.482056882034415
8.482056882034415
8.482056882034415
8.482056882034415
8.482056882034415
8.482056882034415
8.482056882034415
8.482056882034415
8.482056882034415
8.482056882034415
8.482056882034415
8.482056882034415
8.482056882034415
8.482056882034415
8.482056882034415
8.482056882034415
8.482056882034415
8.482056882034415
8.482056882034415
8.482056882034415
8.482056882034415
8.482056882034415
8.482056882034415
8.482056882034415
8.482056882034415
8.482056882034415
8.482056882034415
8.482056882034415
8.482056882034415
8.482056882034415
8.482056882034415
8.482056882034415
8.482056882034415
8.482056882034415
8.482056882034415
8.482056882034415
8.482056882034415
8.482056882034415
8.482056882034415
8.482056882034415
8.482056882034415
8.482056882034415
8.482056882034415
8.482056882034415
8.482056882034415
8.482056882034415
8.482056882034415
8.482056882034415
8.482056882034415
8.482056882034415
8.482056882034415
8.482056882034415
8.482056882034415
8.482056882034415
8.482056882034415
8.482056882034415
8.482056882034415
8.482056882034415
8.482056882034415
8.482056882034415
8.485106974806012
8.485106974806012
8.485106974806012
8.485106974806012
8.485106974806012
8.485106974806012
8.485106974806012
8.485106974806012
8.485106974806012
8.485106974806012
8.485106974806012
8.485106974806012
8.485106974806012
8.485106974806012
8.485106974806012
8.485106974806012
8.485106974806012
8.485106974806012
8.485106974806012
8.485106974806012
8.485106974806012
8.485106974806012
8.485106974806012
8.485106974806012
8.485106974806012
8.485106974806012
8.485106974806012
8.485106974806012
8.485106974806012
8.485106974806012
8.485106974806012
8.485106974806012
8.485106974806012
8.485106974806012
8.485106974806012
8.485106974806012
8.485106974806012
8.485106974806012
8.485106974806012
8.485106974806012
8.485106974806012
8.485106974806012
8.485106974806012
8.485106974806012
8.485106974806012
8.485106974806012
8.485106974806012
8.485106974806012
8.485106974806012
8.485106974806012
8.485106974806012
8.485106974806012
8.485106974806012
8.485106974806012
8.485106974806012
8.485106974806012
8.485106974806012
8.485106974806012
8.485106974806012
8.485106974806012
8.485106974806012
8.485106974806012
8.485106974806012
8.485106974806012
