1.066950295179393
1.2628044143749602
1.2628044143749602
1.353586873336257
1.353586873336257
1.353586873336257
1.4160934984538396
1.4160934984538396
1.4160934984538396
1.4160934984538396
1.4160934984538396
1.4160934984538396
1.4160934984538396
2.4588311894097505
3.328903002226052
3.328903002226052
4.484754279501293
4.484754279501293
4.668934583462069
4.668934583462069
4.668934583462069
4.736812832022019
4.736812832022019
4.793076997818749
4.793076997818749
4.793076997818749
5.216476403356107
5.216476403356107
5.707657673595648
5.707657673595648
5.707657673595648
5.707657673595648
5.707657673595648
5.707657673595648
5.707657673595648
5.707657673595648
5.707657673595648
5.707657673595648
5.707657673595648
5.707657673595648
5.707657673595648
5.707657673595648
5.707657673595648
5.707657673595648
5.707657673595648
5.707657673595648
5.707657673595648
5.707657673595648
5.707657673595648
5.707657673595648
5.707657673595648
5.707657673595648
5.707657673595648
5.716959608987223
5.716959608987223
5.716959608987223
5.716959608987223
5.716959608987223
5.716959608987223
5.716959608987223
5.716959608987223
5.716959608987223
5.716959608987223
5.716959608987223
5.716959608987223
5.716959608987223
5.716959608987223
5.716959608987223
5.716959608987223
5.716959608987223
5.716959608987223
5.716959608987223
5.716959608987223
5.716959608987223
5.716959608987223
5.716959608987223
5.716959608987223
5.716959608987223
5.716959608987223
5.723219262620927
5.84677505622121
5.84677505622121
5.84677505622121
5.84677505622121
5.84677505622121
5.84677505622121
5.84677505622121
5.84677505622121
5.84677505622121
5.84677505622121
5.84677505622121
5.84677505622121
5.84677505622121
5.84677505622121
5.84677505622121
5.84677505622121
5.84677505622121
5.84677505622121
5.84677505622121
5.84677505622121
5.84677505622121
5.846823273267003
5.846823273267003
5.846823273267003
5.846823273267003
5.846823273267003
5.846823273267003
5.846823273267003
5.846823273267003
5.846823273267003
6.0157427693027055
6.0157427693027055
6.031099502851071
6.031617692512983
6.031617692512983
6.031617692512983
6.031617692512983
6.031617692512983
6.031617692512983
6.031617692512983
6.031617692512983
6.031617692512983
6.031617692512983
6.031617692512983
6.031617692512983
6.031617692512983
6.031617692512983
6.031617692512983
6.031617692512983
6.031617692512983
6.031617692512983
6.031617692512983
6.031617692512983
6.031617692512983
6.031617692512983
6.031617692512983
6.031617692512983
6.031617692512983
6.031617692512983
6.031617692512983
6.031617692512983
6.031617692512983
6.031617692512983
6.031617692512983
6.031617692512983
6.031617692512983
6.031617692512983
6.031617692512983
6.031617692512983
6.031617692512983
6.031617692512983
6.031617692512983
6.031617692512983
6.031617692512983
6.031617692512983
6.043383369513647
6.043383369513647
6.043383369513647
6.043383369513647
6.043383369513647
6.043383369513647
6.043383369513647
6.043383369513647
6.043383369513647
6.043383369513647
6.043383369513647
6.043383369513647
6.043383369513647
6.043383369513647
6.043383369513647
6.043383369513647
6.043383369513647
6.043882837997538
6.043882837997538
6.043882837997538
6.043882837997538
6.043882837997538
6.043882837997538
6.043882837997538
6.043882837997538
6.043882837997538
6.043882837997538
6.043882837997538
6.043882837997538
6.043882837997538
6.043882837997538
6.043882837997538
6.043882837997538
6.043882837997538
6.043882837997538
6.043882837997538
6.043882837997538
6.043882837997538
6.043882837997538
6.044162483008037
6.044162483008037
6.044162483008037
6.044162483008037
6.044162483008037
6.044162483008037
