0.6750357298667004
1.0256372281102795
1.7899009697789359
1.7899009697789359
3.3848707587190274
3.5285035142491576
3.5285035142491576
4.55138416351599
4.55138416351599
4.55138416351599
4.55138416351599
4.55138416351599
4.55138416351599
4.55138416351599
4.55138416351599
4.55138416351599
4.55138416351599
4.55138416351599
4.55138416351599
4.55138416351599
4.55138416351599
4.55138416351599
4.55138416351599
4.55138416351599
4.55138416351599
4.55138416351599
4.55138416351599
4.55138416351599
4.55138416351599
4.566626438873625
4.566626438873625
5.115488332209103
5.115488332209103
5.115488332209103
5.115488332209103
5.115488332209103
5.115488332209103
5.115488332209103
5.115488332209103
5.115488332209103
5.115488332209103
5.115488332209103
5.115488332209103
5.115488332209103
5.115488332209103
5.115488332209103
5.115488332209103
5.115488332209103
5.115488332209103
5.115488332209103
5.115488332209103
5.115488332209103
5.115488332209103
5.115488332209103
5.115488332209103
5.115488332209103
5.115488332209103
5.115488332209103
5.115488332209103
5.115488332209103
5.115488332209103
5.115488332209103
5.115488332209103
5.115488332209103
5.115488332209103
5.115488332209103
5.115488332209103
5.115488332209103
5.115488332209103
5.115488332209103
5.115488332209103
5.115488332209103
5.115488332209103
5.115488332209103
5.115488332209103
5.115488332209103
5.115488332209103
5.115488332209103
5.115488332209103
5.115488332209103
5.115488332209103
5.115488332209103
5.115488332209103
5.115488332209103
5.115488332209103
5.115488332209103
5.115488332209103
5.115488332209103
5.115488332209103
5.115488332209103
5.115488332209103
5.115488332209103
5.115488332209103
5.115488332209103
5.115488332209103
5.115488332209103
5.115488332209103
5.115488332209103
5.115488332209103
5.115488332209103
5.115488332209103
5.115488332209103
5.115488332209103
5.115488332209103
5.115488332209103
5.115488332209103
5.115488332209103
5.115488332209103
5.115488332209103
5.115488332209103
5.115488332209103
5.115488332209103
5.115488332209103
5.115488332209103
5.115488332209103
5.115488332209103
5.115488332209103
5.115488332209103
5.115488332209103
5.115488332209103
5.115488332209103
5.115488332209103
5.115488332209103
5.115488332209103
5.115488332209103
5.115488332209103
5.115488332209103
5.115488332209103
5.115488332209103
5.115488332209103
5.115488332209103
5.115488332209103
5.115488332209103
5.115488332209103
5.115488332209103
5.115488332209103
5.115488332209103
5.115488332209103
5.115488332209103
5.115488332209103
5.115488332209103
5.115488332209103
5.115488332209103
5.115488332209103
5.115488332209103
5.115488332209103
5.115488332209103
5.115488332209103
5.115488332209103
5.115488332209103
5.115488332209103
5.115488332209103
5.115488332209103
5.115488332209103
5.115488332209103
5.115488332209103
5.115488332209103
5.115488332209103
5.115488332209103
5.115488332209103
5.115488332209103
5.115488332209103
5.115488332209103
5.115488332209103
5.115488332209103
5.115488332209103
5.115488332209103
5.115488332209103
5.115488332209103
5.115488332209103
5.115488332209103
5.115488332209103
5.115488332209103
5.115488332209103
5.115488332209103
5.115488332209103
5.115488332209103
5.115488332209103
5.115488332209103
5.115488332209103
5.115488332209103
5.115488332209103
5.115488332209103
5.115488332209103
5.115488332209103
5.115488332209103
5.115488332209103
5.115488332209103
5.115488332209103
5.115488332209103
5.115488332209103
5.115488332209103
5.115488332209103
5.115488332209103
5.115488332209103
5.115488332209103
5.115488332209103
5.115488332209103
5.115488332209103
5.115488332209103
