0.8967006379809623
1.9393156058537304
1.9393156058537304
2.1556390899259252
2.1556390899259252
2.1556390899259252
2.257287659578722
2.257287659578722
2.388464064316503
2.388464064316503
2.5938744436121595
2.5938744436121595
2.6697182506875685
3.005799610191027
3.005799610191027
3.3496237224192336
3.601639393452127
3.90908280944934
3.90908280944934
3.90908280944934
3.90908280944934
4.495256018503429
4.495256018503429
4.495256018503429
4.495256018503429
4.495256018503429
4.495256018503429
4.495256018503429
4.495256018503429
4.495284072947246
4.495284072947246
4.495284072947246
4.495284072947246
4.495284072947246
4.495284072947246
4.495284072947246
4.495284072947246
4.495580585046107
4.495580585046107
4.495580585046107
4.495580585046107
4.495727558934253
4.495727558934253
4.495727558934253
4.495727558934253
4.495727558934253
4.495727558934253
4.495727558934253
4.495727558934253
4.495727558934253
4.495727558934253
4.495727558934253
4.495727558934253
4.495727558934253
4.495727558934253
4.495727558934253
4.495727558934253
4.495733759825164
4.495733759825164
4.495733759825164
4.495733759825164
4.495733759825164
4.495733759825164
4.495733759825164
4.495733759825164
4.495733759825164
4.495815211093332
4.495815211093332
4.495815211093332
4.495815211093332
4.495815211093332
4.495815211093332
4.495815211093332
4.495815211093332
4.495815211093332
4.495815211093332
4.495815211093332
4.495815211093332
4.495815211093332
4.495815211093332
4.495815211093332
4.495815211093332
4.495815211093332
4.495815211093332
4.495815211093332
4.495815211093332
4.495815211093332
4.495815211093332
4.495815211093332
4.495815211093332
4.495815211093332
4.495815211093332
4.495815211093332
4.495815211093332
4.495815211093332
4.495815211093332
4.495815211093332
4.495815211093332
4.495815211093332
4.495815211093332
4.495815211093332
4.495815211093332
4.495815211093332
4.495815211093332
4.495815211093332
4.495815211093332
4.495815211093332
4.495815211093332
4.495815211093332
4.495815211093332
4.495815211093332
4.495815211093332
4.495815211093332
4.495815211093332
4.495815211093332
4.495815211093332
4.495815211093332
4.495815211093332
4.495815211093332
4.495815211093332
4.495815211093332
4.495815211093332
4.495815211093332
4.495815211093332
4.497315571528406
4.497315571528406
4.497315571528406
4.497315571528406
4.497315571528406
4.497315571528406
4.497315571528406
4.497315571528406
4.497315571528406
4.497315571528406
4.497315571528406
4.497315571528406
4.497315571528406
4.497315571528406
4.497315571528406
4.497315571528406
4.497481156280507
4.497481156280507
4.497481156280507
4.497481156280507
4.497481156280507
4.497481156280507
4.497481156280507
4.497481156280507
4.497481156280507
4.497481156280507
4.497481156280507
4.497481156280507
4.497481156280507
4.497481156280507
4.497481156280507
4.497481156280507
4.497481156280507
4.497481156280507
4.497481156280507
4.497481156280507
4.497481156280507
4.497481156280507
4.497481156280507
4.497481156280507
4.497481156280507
4.497481156280507
4.497481156280507
4.497481156280507
4.497481156280507
4.497481156280507
4.497481156280507
4.497481156280507
4.497481156280507
4.497481156280507
4.497481156280507
4.497481156280507
4.497481156280507
4.497481156280507
4.497481156280507
4.497481156280507
4.497481156280507
4.497481156280507
4.497481156280507
4.497481156280507
4.497481156280507
4.497481156280507
4.497481156280507
4.497481156280507
4.497481156280507
4.497481156280507
4.497481156280507
4.497481156280507
4.497481156280507
4.497481156280507
4.497481156280507
4.497481156280507
4.497481156280507
4.497481156280507
4.497481156280507
4.497481156280507
