0.8961666871078909
1.189214087004441
1.2870730375331674
2.066184970727401
2.066184970727401
2.066184970727401
2.066184970727401
2.0969559414799472
2.0969559414799472
2.0969559414799472
2.0969559414799472
2.0969559414799472
2.0969559414799472
2.0969559414799472
2.0969559414799472
2.0969559414799472
2.0969559414799472
2.0969559414799472
2.0969559414799472
2.0969559414799472
2.0969559414799472
2.0969559414799472
2.0969559414799472
2.405058602266571
2.461534773549382
2.461534773549382
2.476611595488823
2.7742250519789313
2.7742250519789313
2.7742250519789313
2.7742250519789313
2.7742250519789313
2.7742250519789313
2.7742250519789313
2.7742250519789313
2.7742250519789313
2.7742250519789313
2.7742250519789313
2.7742250519789313
2.8384468011912674
2.8384468011912674
2.8384468011912674
2.862594712312174
2.862594712312174
2.862594712312174
2.862594712312174
2.862594712312174
2.862594712312174
2.862594712312174
2.862594712312174
2.862594712312174
2.862594712312174
2.862594712312174
2.862594712312174
2.862594712312174
2.862594712312174
2.862594712312174
2.862594712312174
2.862594712312174
2.862594712312174
2.862594712312174
2.862594712312174
2.862594712312174
2.862594712312174
2.862594712312174
2.862594712312174
2.862594712312174
2.862594712312174
2.862594712312174
2.862594712312174
2.862594712312174
2.862594712312174
2.862594712312174
2.862594712312174
2.862594712312174
2.862594712312174
2.862594712312174
2.862594712312174
2.862594712312174
2.862594712312174
2.862594712312174
2.862594712312174
2.862594712312174
2.862594712312174
2.862594712312174
2.8884215340880575
2.8884215340880575
2.8884215340880575
2.8884215340880575
2.8884215340880575
2.8884215340880575
2.8884215340880575
2.8884215340880575
2.8884215340880575
2.8884215340880575
2.8884215340880575
2.8884215340880575
2.8884215340880575
2.8884215340880575
2.8884215340880575
2.8884215340880575
2.8884215340880575
2.8884215340880575
2.8884215340880575
2.8884215340880575
2.9622457790001726
2.9622457790001726
2.9622457790001726
2.9622457790001726
2.9622457790001726
2.9622457790001726
2.9622457790001726
2.9622457790001726
2.9622457790001726
2.9622457790001726
2.9622457790001726
2.9622457790001726
2.9622457790001726
2.9622457790001726
2.9627451078601035
2.9627451078601035
2.9627451078601035
2.9627451078601035
2.9627451078601035
2.9849037777566547
2.9849037777566547
2.9849037777566547
2.9849037777566547
2.9849037777566547
2.9849037777566547
2.9849037777566547
2.985036547501079
2.985036547501079
2.985036547501079
2.9850369956848843
2.9850369956848843
2.9850369956848843
2.9850369956848843
3.0389826240212363
3.0389826240212363
3.0389826240212363
3.0389826240212363
3.0389826240212363
3.0389826240212363
3.0389826240212363
3.0389826240212363
3.0389826240212363
3.0389826240212363
3.0389826240212363
3.0389826240212363
3.0389826240212363
3.0389826240212363
3.0389826240212363
3.0389826240212363
3.0389826240212363
3.0389826240212363
3.0389826240212363
3.0389826240212363
3.0389826240212363
3.0389826240212363
3.0389826240212363
3.0389826240212363
3.0389826240212363
3.0389826240212363
3.0389826240212363
3.0389826240212363
3.0389826240212363
3.0389826240212363
3.0389826240212363
3.0389826240212363
3.0389826240212363
3.0389826240212363
3.0389826240212363
3.0389826240212363
3.0389826240212363
3.0389826240212363
3.0389826240212363
3.0389826240212363
3.0389826240212363
3.0389826240212363
3.0389826240212363
3.0389826240212363
3.0389826240212363
3.0389826240212363
3.0389826240212363
3.0389826240212363
3.0389826240212363
3.0389826240212363
3.0389826240212363
3.0389826240212363
3.0389826240212363
3.0389826240212363
3.0389826240212363
3.0389826240212363
3.0389826240212363
3.0389826240212363
3.0389826240212363
3.0389826240212363
3.0389826240212363
3.0389826240212363
