0.5209986064861609
5.531408482497934
5.6244221082252635
5.659668684718438
5.659668684718438
5.659668684718438
5.659668684718438
5.659668684718438
5.659668684718438
5.659668684718438
5.659668684718438
5.659668684718438
5.659668684718438
5.659668684718438
5.659668684718438
5.659668684718438
5.659668684718438
5.659668684718438
5.659668684718438
6.175900064849276
6.175900064849276
6.175900064849276
6.175900064849276
6.175900064849276
6.175900064849276
6.175900064849276
6.175900064849276
6.175900064849276
6.175900064849276
6.175900064849276
6.175900064849276
6.175900064849276
6.175900064849276
6.175900064849276
6.175900064849276
6.175900064849276
6.175900064849276
6.175900064849276
6.175900064849276
6.175900064849276
6.175900064849276
6.175900064849276
6.175900064849276
6.175900064849276
6.175900064849276
6.175900064849276
6.175900064849276
6.175900064849276
6.175900064849276
6.175900064849276
6.175900064849276
6.175900064849276
6.175900064849276
6.175900064849276
6.175900064849276
6.175900064849276
6.175900064849276
6.175900064849276
6.175900064849276
6.175900064849276
6.175900064849276
6.175900064849276
6.175900064849276
6.175900064849276
6.175900064849276
6.175900064849276
6.175900064849276
6.175900064849276
6.175900064849276
6.175900064849276
6.175900064849276
6.175900064849276
6.175900064849276
6.175900064849276
6.175900064849276
6.175900064849276
6.175900064849276
6.175900064849276
6.175900064849276
6.175900064849276
6.175900064849276
6.175900064849276
6.175900064849276
6.175900064849276
6.175900064849276
6.175900064849276
6.175900064849276
6.175900064849276
6.175900064849276
6.175900064849276
6.175900064849276
6.175900064849276
6.175900064849276
6.175900064849276
6.175900064849276
6.175900064849276
6.175900064849276
6.175900064849276
6.175900064849276
6.175900064849276
6.175900064849276
6.175900064849276
6.175900064849276
6.175900064849276
6.175900064849276
6.175900064849276
6.175900064849276
6.175900064849276
6.175900064849276
6.175900064849276
6.175900064849276
6.175900064849276
6.175900064849276
6.175900064849276
6.175900064849276
6.175900064849276
6.175900064849276
6.175900064849276
6.175900064849276
6.175900064849276
6.175900064849276
6.175900064849276
6.175900064849276
6.175900064849276
6.175900064849276
6.175900064849276
6.175900064849276
6.175900064849276
6.175900064849276
6.175900064849276
6.175900064849276
6.175900064849276
6.175900064849276
6.175900064849276
6.175900064849276
6.175900064849276
6.175900064849276
6.175900064849276
6.175900064849276
6.175900064849276
6.175900064849276
6.175900064849276
6.175900064849276
6.175900064849276
6.175900064849276
6.175900064849276
6.175900064849276
6.175900064849276
6.175900064849276
6.175900064849276
6.175900064849276
6.175900064849276
6.175900064849276
6.175900064849276
6.175900064849276
6.175900064849276
6.175900064849276
6.175900064849276
6.175900064849276
6.175900064849276
6.175900064849276
6.175900064849276
6.175900064849276
6.175900064849276
6.175900064849276
6.175900064849276
6.175900064849276
6.175900064849276
6.175900064849276
6.175900064849276
6.175900064849276
6.175900064849276
6.175900064849276
6.175900064849276
6.175900064849276
6.175900064849276
6.175900064849276
6.175900064849276
6.175900064849276
6.175900064849276
6.175900064849276
6.175900064849276
6.175900064849276
6.175900064849276
6.175900064849276
6.175900064849276
6.175900064849276
6.175900064849276
6.175900064849276
6.175900064849276
6.175900064849276
6.175900064849276
6.175900064849276
6.175900064849276
6.175900064849276
6.175900064849276
6.175900064849276
6.175900064849276
6.175900064849276
6.175900064849276
