1.402585874645258
1.9622957628649365
1.9622957628649365
1.9622957628649365
2.1166890586910916
2.166536453813624
2.2201028088553905
2.2201028088553905
2.2201028088553905
2.2201028088553905
2.2201028088553905
2.2201028088553905
2.2201028088553905
2.2201028088553905
2.2201028088553905
2.2201028088553905
2.2201028088553905
2.2201028088553905
2.2201028088553905
2.2201028088553905
2.2201028088553905
2.2201028088553905
2.2201028088553905
2.2201028088553905
2.2201028088553905
2.2201028088553905
2.2201028088553905
2.2201028088553905
2.2201028088553905
2.2201028088553905
2.2201028088553905
2.2201028088553905
2.2201028088553905
2.382015067382563
2.544972939616805
2.544972939616805
2.544972939616805
2.544972939616805
2.544972939616805
2.544972939616805
2.544972939616805
2.544972939616805
2.544972939616805
2.5640793809535007
2.5640793809535007
2.5640793809535007
2.5640793809535007
2.5640793809535007
2.5640793809535007
2.5640793809535007
2.5640793809535007
2.5640793809535007
2.5640793809535007
2.5640793809535007
2.5640793809535007
2.5640793809535007
2.5640793809535007
2.5640793809535007
2.5640793809535007
2.5640793809535007
2.5640793809535007
2.5640793809535007
2.5640793809535007
2.5640793809535007
2.5640793809535007
2.5640793809535007
2.5640793809535007
2.564535557766573
2.564535557766573
2.564535557766573
2.564535557766573
2.564535557766573
2.564535557766573
2.569953344111832
2.569953344111832
2.569953344111832
2.569953344111832
3.008105899938039
3.008105899938039
3.008105899938039
3.008105899938039
3.008105899938039
3.008105899938039
3.1770195716035636
3.1770195716035636
3.1770195716035636
3.1770195716035636
3.1770195716035636
3.2058395787273968
3.2058395787273968
3.2058395787273968
3.2058395787273968
3.2058395787273968
3.4380551408758695
3.4380551408758695
3.4380551408758695
3.4380551408758695
4.167117751267255
4.167117751267255
4.569156488149403
4.569156488149403
4.569156488149403
4.569156488149403
4.569156488149403
4.569156488149403
4.569156488149403
4.569156488149403
4.569156488149403
5.02794505286849
5.02794505286849
5.02794505286849
5.02794505286849
5.02794505286849
5.02794505286849
5.02794505286849
5.053649181360252
5.053649181360252
5.053649181360252
5.053649181360252
5.053649181360252
5.053649181360252
5.053649181360252
5.053649181360252
5.053649181360252
5.053649181360252
5.116312146261141
5.116312146261141
5.116312146261141
5.2770894018697705
5.2770894018697705
5.2770894018697705
5.2770894018697705
5.2770894018697705
5.2770894018697705
5.2770894018697705
5.2770894018697705
5.2770894018697705
5.2770894018697705
5.2770894018697705
5.2770894018697705
5.2770894018697705
5.2770894018697705
5.2770894018697705
5.2770894018697705
5.2770894018697705
5.2770894018697705
5.2770894018697705
5.2770894018697705
5.2770894018697705
5.2770894018697705
5.2770894018697705
5.2770894018697705
5.2770894018697705
5.2770894018697705
5.2770894018697705
5.2770894018697705
5.2770894018697705
5.2770894018697705
5.2770894018697705
5.2770894018697705
5.2770894018697705
5.2770894018697705
5.291875237950921
5.291875237950921
5.291875237950921
5.291875237950921
5.291875237950921
5.303814073374074
5.303814073374074
5.303814073374074
5.303814073374074
5.303814073374074
5.303814073374074
5.303814073374074
5.303814073374074
5.303814073374074
5.303814073374074
5.309283142201173
5.309283142201173
5.309283142201173
5.309283142201173
5.309283142201173
5.309283142201173
5.309283142201173
5.309283142201173
5.309283142201173
5.309283142201173
5.309283142201173
5.309283142201173
5.309283142201173
5.309283142201173
5.309283142201173
5.309283142201173
5.309283142201173
5.309283142201173
5.309283142201173
5.309283142201173
5.309283142201173
5.309283142201173
5.309283142201173
