1.410363380512471
1.9072340213920842
2.62043000393359
2.62043000393359
3.900569542084323
3.900569542084323
3.900569542084323
3.900569542084323
3.900569542084323
3.900569542084323
3.900569542084323
3.900569542084323
3.900569542084323
4.050066195315617
4.050066195315617
4.050066195315617
4.986128388795635
4.986128388795635
4.986128388795635
4.986128388795635
4.986128388795635
4.986128388795635
4.986128388795635
4.986128388795635
4.986128388795635
4.986128388795635
4.986128388795635
4.986128388795635
4.986128388795635
4.986128388795635
4.986128388795635
4.986128388795635
4.986128388795635
4.986128388795635
4.986128388795635
4.986128388795635
5.026321931982956
5.026321931982956
5.026321931982956
5.026321931982956
5.026321931982956
5.026321931982956
5.026321931982956
5.026321931982956
5.026321931982956
5.026321931982956
5.026321931982956
5.026321931982956
5.026321931982956
5.026321931982956
5.026321931982956
5.026321931982956
5.026321931982956
5.026321931982956
5.026321931982956
5.026321931982956
5.026321931982956
5.026321931982956
5.026321931982956
5.026321931982956
5.026321931982956
5.026321931982956
5.026321931982956
5.026321931982956
5.026321931982956
5.026321931982956
5.026321931982956
5.026321931982956
5.026321931982956
5.026321931982956
5.026321931982956
5.026321931982956
5.026321931982956
5.026321931982956
5.026321931982956
5.026321931982956
5.026321931982956
5.026321931982956
5.026321931982956
5.026321931982956
5.026321931982956
5.026321931982956
5.026321931982956
5.026321931982956
5.026321931982956
5.026321931982956
5.026321931982956
5.026321931982956
5.026321931982956
5.026321931982956
5.026321931982956
5.026321931982956
5.026321931982956
5.026321931982956
5.026321931982956
5.026321931982956
5.026321931982956
5.026321931982956
5.026321931982956
5.026321931982956
5.026321931982956
5.026321931982956
5.026321931982956
5.026321931982956
5.026321931982956
5.026321931982956
5.026321931982956
5.026321931982956
5.026321931982956
5.026321931982956
5.026321931982956
5.026321931982956
5.026321931982956
5.026321931982956
5.026321931982956
5.026321931982956
5.026321931982956
5.026321931982956
5.026321931982956
5.026321931982956
5.026321931982956
5.026321931982956
5.026321931982956
5.026321931982956
5.026321931982956
5.026321931982956
5.026321931982956
5.026321931982956
5.026321931982956
5.026321931982956
5.026321931982956
5.026321931982956
5.026321931982956
5.026321931982956
5.026321931982956
5.026321931982956
5.026321931982956
5.026321931982956
5.026321931982956
5.338750749220941
5.338750749220941
5.338750749220941
5.338750749220941
5.338750749220941
5.338750749220941
5.338750749220941
5.338750749220941
5.338750749220941
5.338750749220941
5.338750749220941
5.338750749220941
5.338750749220941
5.338750749220941
5.338750749220941
5.338750749220941
5.338750749220941
5.338750749220941
5.338750749220941
5.338750749220941
5.338750749220941
5.338750749220941
5.338750749220941
5.338750749220941
5.338750749220941
5.338750749220941
5.338750749220941
5.338750749220941
5.338750749220941
5.338750749220941
5.338750749220941
5.338750749220941
5.338750749220941
5.338750749220941
5.338750749220941
5.338750749220941
5.338750749220941
5.338750749220941
5.338750749220941
5.338750749220941
5.338750749220941
5.338750749220941
5.338750749220941
5.338750749220941
5.338750749220941
5.338750749220941
5.338750749220941
5.338750749220941
5.338750749220941
5.338750749220941
5.338750749220941
5.338750749220941
5.338750749220941
5.338750749220941
5.338750749220941
5.338750749220941
5.338750749220941
5.338750749220941
5.338750749220941
5.338750749220941
5.338750749220941
