2.2333293791876416
3.7812233925103866
3.7812233925103866
4.206688370844188
4.231268940055438
4.279713644733796
4.93964151221521
4.93964151221521
4.93964151221521
5.170013175016229
5.170013175016229
5.170013175016229
5.170013175016229
6.312697413749523
6.312697413749523
6.312697413749523
6.312697413749523
6.312697413749523
6.312697413749523
6.312697413749523
6.312697413749523
6.312697413749523
6.312697413749523
6.312697413749523
6.312697413749523
6.312697413749523
7.324634311203718
7.324634311203718
7.324634311203718
7.324634311203718
7.324634311203718
7.324634311203718
7.324634311203718
7.324634311203718
7.324634311203718
7.960597543013684
7.960597543013684
7.960597543013684
7.960597543013684
7.960597543013684
7.960597543013684
7.960597543013684
7.960597543013684
7.960597543013684
7.960597543013684
7.960597543013684
7.960597543013684
7.960597543013684
7.960597543013684
7.960597543013684
7.960597543013684
7.960597543013684
7.960597543013684
7.960597543013684
7.960597543013684
7.960597543013684
7.960597543013684
7.960597543013684
7.960597543013684
7.960597543013684
7.960597543013684
7.960597543013684
7.960597543013684
7.960597543013684
7.960597543013684
7.960597543013684
7.960597543013684
7.960597543013684
7.960597543013684
7.960597543013684
7.960597543013684
7.960597543013684
7.960597543013684
7.960597543013684
7.960597543013684
7.960597543013684
7.960597543013684
7.960597543013684
7.960597543013684
7.960597543013684
7.960597543013684
7.960597543013684
7.960597543013684
7.960597543013684
7.960597543013684
7.960597543013684
7.960597543013684
7.960597543013684
7.960597543013684
7.960597543013684
7.960597543013684
7.960597543013684
7.960597543013684
7.960597543013684
7.960597543013684
7.960597543013684
7.960597543013684
7.960597543013684
7.960597543013684
7.960597543013684
7.960597543013684
7.960597543013684
7.960597543013684
7.960597543013684
7.960597543013684
7.960597543013684
7.960597543013684
8.361992032227091
8.361992032227091
8.361992032227091
8.361992032227091
8.361992032227091
8.361992032227091
8.361992032227091
8.361992032227091
8.361992032227091
8.361992032227091
8.361992032227091
8.361992032227091
8.361992032227091
8.361992032227091
8.361992032227091
8.361992032227091
8.361992032227091
8.361992032227091
8.361992032227091
8.361992032227091
8.361992032227091
8.361992032227091
8.361992032227091
8.361992032227091
8.361992032227091
8.361992032227091
8.361992032227091
8.361992032227091
8.361992032227091
8.361992032227091
8.361992032227091
8.361992032227091
8.361992032227091
8.361992032227091
8.361992032227091
8.361992032227091
8.361992032227091
8.361992032227091
8.361992032227091
8.361992032227091
8.361992032227091
8.361992032227091
8.361992032227091
8.361992032227091
8.361992032227091
8.361992032227091
8.361992032227091
8.361992032227091
8.361992032227091
8.361992032227091
8.361992032227091
8.361992032227091
8.361992032227091
8.361992032227091
8.361992032227091
8.361992032227091
8.361992032227091
8.361992032227091
8.361992032227091
8.361992032227091
8.361992032227091
8.361992032227091
8.361992032227091
8.361992032227091
8.361992032227091
8.361992032227091
8.361992032227091
8.361992032227091
8.361992032227091
8.361992032227091
8.361992032227091
8.361992032227091
8.361992032227091
8.361992032227091
8.361992032227091
8.361992032227091
8.361992032227091
8.361992032227091
8.361992032227091
8.361992032227091
8.361992032227091
8.361992032227091
8.361992032227091
8.361992032227091
8.361992032227091
8.361992032227091
8.361992032227091
8.361992032227091
8.361992032227091
8.361992032227091
8.361992032227091
8.361992032227091
8.361992032227091
