3.394189533040311
3.394189533040311
3.394189533040311
3.394189533040311
3.394189533040311
3.394189533040311
3.394189533040311
4.107626313011695
4.107626313011695
4.107626313011695
4.390529659273649
4.390529659273649
4.390529659273649
4.390529659273649
4.390529659273649
4.390529659273649
4.390529659273649
4.390529659273649
4.390529659273649
4.390529659273649
4.390529659273649
5.0848904943763475
5.0848904943763475
5.0848904943763475
5.0848904943763475
5.0848904943763475
5.0848904943763475
5.0848904943763475
5.0848904943763475
5.0848904943763475
5.0848904943763475
5.0848904943763475
5.0848904943763475
5.0848904943763475
5.0848904943763475
5.0848904943763475
5.0848904943763475
5.0848904943763475
5.0848904943763475
5.0848904943763475
5.0848904943763475
5.0848904943763475
5.0848904943763475
5.0848904943763475
5.0848904943763475
5.0848904943763475
5.0848904943763475
5.0848904943763475
5.0848904943763475
5.0848904943763475
5.0848904943763475
5.0848904943763475
5.0848904943763475
5.0848904943763475
5.0848904943763475
5.0848904943763475
5.0848904943763475
5.0848904943763475
5.0848904943763475
5.0848904943763475
5.0848904943763475
5.0848904943763475
5.0848904943763475
5.0848904943763475
5.0848904943763475
5.0848904943763475
5.0848904943763475
5.0848904943763475
5.0848904943763475
5.0848904943763475
5.0848904943763475
5.0848904943763475
5.0848904943763475
5.0848904943763475
5.0848904943763475
5.0848904943763475
5.0848904943763475
5.0848904943763475
5.0848904943763475
5.0848904943763475
5.1675979052038326
5.1675979052038326
5.1675979052038326
5.1675979052038326
5.1675979052038326
5.1675979052038326
5.1675979052038326
5.1675979052038326
5.1675979052038326
5.1675979052038326
5.1675979052038326
5.1675979052038326
5.1675979052038326
5.1675979052038326
5.1675979052038326
5.1675979052038326
5.1675979052038326
5.1675979052038326
5.1675979052038326
5.2689851616087
5.2689851616087
5.2689851616087
5.2689851616087
5.2689851616087
5.2689851616087
5.2689851616087
5.2689851616087
5.3537577457840655
5.3537577457840655
5.3537577457840655
5.3537577457840655
5.3537577457840655
5.3537577457840655
5.3537577457840655
5.3537577457840655
5.3537577457840655
5.3537577457840655
5.3537577457840655
5.3537577457840655
5.3537577457840655
5.3537577457840655
5.3537577457840655
5.3537577457840655
5.5119330306043155
5.5119330306043155
5.8847729978733385
5.8847729978733385
5.8847729978733385
5.8847729978733385
5.8847729978733385
5.8847729978733385
5.8847729978733385
6.5403864079870715
6.5403864079870715
6.5403864079870715
6.5403864079870715
6.5403864079870715
6.5403864079870715
6.5403864079870715
6.5403864079870715
6.5403864079870715
6.731686577525951
6.731686577525951
6.731686577525951
6.99165977218894
6.99165977218894
6.99165977218894
6.99165977218894
6.99165977218894
6.99165977218894
6.99165977218894
7.116813670969355
7.116813670969355
7.116813670969355
7.116813670969355
7.116813670969355
7.116813670969355
7.1846672464678
7.1846672464678
7.1846672464678
7.1846672464678
7.1846672464678
7.1846672464678
7.1846672464678
7.1846672464678
7.1846672464678
7.1846672464678
7.1846672464678
7.1846672464678
7.1846672464678
7.1846672464678
7.1846672464678
7.1846672464678
7.1846672464678
7.1846672464678
7.1846672464678
7.1846672464678
7.1846672464678
7.1846672464678
7.1846672464678
7.1846672464678
7.1846672464678
7.1846672464678
7.1846672464678
7.1846672464678
7.1846672464678
7.1846672464678
7.1846672464678
7.1846672464678
7.1846672464678
7.1846672464678
7.1846672464678
7.1846672464678
7.1846672464678
7.1846672464678
7.1846672464678
7.3652474129366325
7.3652474129366325
7.3652474129366325
7.3652474129366325
