0.8218590124430823
0.8218590124430823
2.0313122813215205
2.0313122813215205
2.0313122813215205
2.0313122813215205
2.15216192281904
2.15216192281904
2.15216192281904
2.5947019218819496
2.5947019218819496
2.5947019218819496
2.5947019218819496
2.5947019218819496
2.5947019218819496
2.5947019218819496
2.5947019218819496
2.5947019218819496
2.5947019218819496
2.5947019218819496
2.5947019218819496
2.667242560877552
2.667242560877552
2.667242560877552
2.667242560877552
2.667242560877552
2.667242560877552
2.667242560877552
2.667242560877552
2.667242560877552
2.667242560877552
2.667242560877552
2.667242560877552
2.667242560877552
2.667242560877552
2.667242560877552
2.667242560877552
2.667242560877552
2.667242560877552
2.667242560877552
2.667242560877552
2.667242560877552
2.667242560877552
2.667242560877552
2.667242560877552
2.67262194032669
2.67262194032669
2.67262194032669
2.67262194032669
2.67262194032669
2.67262194032669
2.67262194032669
2.67262194032669
2.67262194032669
2.67262194032669
2.67262194032669
2.6872497171879672
2.6872497171879672
2.6872497171879672
2.6872497171879672
2.6872497171879672
2.7465550998232
2.7465550998232
2.7465550998232
2.7465550998232
2.7465550998232
2.7465550998232
2.7465550998232
2.7465550998232
2.7465550998232
2.7465550998232
2.7465550998232
2.7465550998232
2.7465550998232
2.7465550998232
2.7465550998232
2.7465550998232
2.7465550998232
2.7465550998232
2.7465550998232
2.7465550998232
2.7465550998232
2.7465550998232
2.7465550998232
2.7465550998232
2.7465550998232
2.7465550998232
2.7465550998232
2.7465550998232
2.7465550998232
2.7465550998232
2.7465550998232
2.7465550998232
2.7465550998232
2.7465550998232
2.7465550998232
2.7465550998232
2.7465550998232
2.7465550998232
2.7465550998232
2.781620395131545
2.781620395131545
2.781620395131545
2.781620395131545
2.781620395131545
2.781620395131545
2.781620395131545
2.781620395131545
2.781620395131545
2.781620395131545
2.781620395131545
2.866600971373458
2.866600971373458
2.866600971373458
2.8879087325839863
2.8879087325839863
2.8879087325839863
2.8879087325839863
2.8879087325839863
2.8879087325839863
2.8879087325839863
2.8879087325839863
3.3142784392168316
3.3142784392168316
3.3142784392168316
3.3142784392168316
3.3142784392168316
3.3142784392168316
3.3142784392168316
3.3142784392168316
3.3142784392168316
3.3142784392168316
3.3142784392168316
3.3142784392168316
3.3142784392168316
3.3142784392168316
3.3142784392168316
3.3142784392168316
3.3142784392168316
3.3142784392168316
3.3142784392168316
3.3142784392168316
3.3142784392168316
3.3142784392168316
3.3142784392168316
3.3142784392168316
3.3142784392168316
3.3142784392168316
3.3142784392168316
3.3142784392168316
3.3142784392168316
3.3142784392168316
3.3142784392168316
3.3142784392168316
3.3142784392168316
3.3142784392168316
3.3142784392168316
3.3142784392168316
3.3142784392168316
3.3142784392168316
3.3142784392168316
3.3142784392168316
3.3142784392168316
3.3142784392168316
3.3142784392168316
3.3142784392168316
3.3142784392168316
3.3142784392168316
3.3142784392168316
3.3142784392168316
3.3142784392168316
3.3142784392168316
3.3142784392168316
3.3142784392168316
3.3142784392168316
3.3142784392168316
3.3142784392168316
3.3142784392168316
3.3142784392168316
3.3142784392168316
3.3142784392168316
3.3142784392168316
3.3142784392168316
3.3142784392168316
3.3142784392168316
3.3142784392168316
3.3142784392168316
3.3142784392168316
3.3142784392168316
3.3142784392168316
3.3142784392168316
3.3142784392168316
3.3142784392168316
3.3142784392168316
3.3142784392168316
3.3142784392168316
3.3142784392168316
3.3142784392168316
3.3142784392168316
3.3142784392168316
