0.18654285850427188
1.3174350325463011
1.3174350325463011
1.3174350325463011
1.3174350325463011
1.3174350325463011
1.3174350325463011
1.3174350325463011
1.3174350325463011
1.3174350325463011
1.3174350325463011
1.3174350325463011
1.3174350325463011
1.3174350325463011
1.3174350325463011
1.3174350325463011
1.3174350325463011
1.3174350325463011
1.3174350325463011
1.3174350325463011
1.3174350325463011
1.3174350325463011
1.3751073202520627
1.3751073202520627
1.3751073202520627
1.3751073202520627
1.3751073202520627
1.3751073202520627
1.3751073202520627
1.3751073202520627
1.3751073202520627
1.3751073202520627
1.3751073202520627
1.3751073202520627
1.3751073202520627
1.3751073202520627
1.3751073202520627
1.3751073202520627
1.5662583296529566
1.5662583296529566
1.5662583296529566
1.5662583296529566
1.649740349589146
1.649740349589146
1.649740349589146
1.649740349589146
1.649740349589146
1.649740349589146
1.649740349589146
1.649740349589146
1.649740349589146
1.649740349589146
1.649740349589146
1.649740349589146
1.649740349589146
1.649740349589146
1.649740349589146
1.649740349589146
1.649740349589146
1.649740349589146
1.7984239617921451
1.7984239617921451
1.7984239617921451
2.544273202089505
2.544273202089505
2.544273202089505
2.544273202089505
2.544273202089505
2.544273202089505
2.544273202089505
2.544273202089505
2.544273202089505
2.544273202089505
2.544273202089505
2.544273202089505
2.544273202089505
3.255963739069892
3.255963739069892
3.255963739069892
3.255963739069892
3.255963739069892
3.255963739069892
3.255963739069892
3.255963739069892
3.255963739069892
3.255963739069892
3.4439522011417845
3.4439522011417845
3.523468567887217
3.7419504209873997
3.7419504209873997
3.7419504209873997
3.7419504209873997
3.7419504209873997
3.7419504209873997
3.7419504209873997
3.7419504209873997
3.7419504209873997
3.7419504209873997
3.7419504209873997
3.7419504209873997
3.7419504209873997
3.7419504209873997
3.7419504209873997
3.7419504209873997
3.7419504209873997
3.7419504209873997
3.7419504209873997
3.7419504209873997
3.7419504209873997
3.7419504209873997
3.7419504209873997
3.7419504209873997
3.7419504209873997
3.7419504209873997
3.7419504209873997
3.7419504209873997
3.7419504209873997
3.7419504209873997
3.7419504209873997
3.7419504209873997
3.7419504209873997
3.7419504209873997
3.7419504209873997
3.7419504209873997
3.7419504209873997
3.7419504209873997
3.7419504209873997
3.7419504209873997
3.7419504209873997
3.7419504209873997
3.7419504209873997
3.7419504209873997
3.7419504209873997
3.7419504209873997
3.7419504209873997
3.7419504209873997
3.7419504209873997
3.7419504209873997
3.7419504209873997
3.7419504209873997
3.7419504209873997
3.7419504209873997
3.7419504209873997
3.7419504209873997
3.7419504209873997
3.7419504209873997
3.7419504209873997
3.7419504209873997
3.7419504209873997
3.7419504209873997
3.7419504209873997
3.7419504209873997
3.7419504209873997
3.7419504209873997
3.7419504209873997
3.7419504209873997
3.7419504209873997
3.7419504209873997
3.7419504209873997
3.7419504209873997
3.7419504209873997
3.7419504209873997
3.7419504209873997
3.7419504209873997
3.7419504209873997
3.7419504209873997
3.7419504209873997
3.7419504209873997
3.7419504209873997
3.7419504209873997
3.7419504209873997
3.7419504209873997
3.7419504209873997
3.7419504209873997
3.7419504209873997
3.7419504209873997
3.7419504209873997
3.7419504209873997
3.7419504209873997
3.7419504209873997
3.7419504209873997
3.7419504209873997
3.7419504209873997
3.7419504209873997
3.7419504209873997
3.7419504209873997
3.7419504209873997
3.7419504209873997
3.7419504209873997
3.7419504209873997
3.7419504209873997
3.7419504209873997
3.7419504209873997
3.7419504209873997
3.922736905237034
3.922736905237034
3.922736905237034
3.922736905237034
3.922736905237034
