1.8916415040897523
2.049990750584193
2.076949969987478
2.076949969987478
2.2135384046986584
2.502510012698779
2.502510012698779
2.502510012698779
2.502510012698779
2.502510012698779
2.502510012698779
2.502510012698779
2.502510012698779
2.502510012698779
2.502510012698779
2.5733062164376337
2.5733062164376337
2.5733062164376337
2.5733062164376337
2.5733062164376337
2.5733062164376337
2.5733062164376337
2.5733062164376337
2.5733062164376337
2.5733062164376337
2.5733062164376337
2.5733062164376337
2.5733062164376337
2.5733062164376337
2.5733062164376337
2.5733062164376337
2.5733062164376337
2.5733062164376337
2.604843819880714
2.604843819880714
2.604843819880714
2.604843819880714
2.604843819880714
2.604843819880714
2.604843819880714
2.604843819880714
2.604843819880714
2.604843819880714
2.604843819880714
2.604843819880714
2.604843819880714
2.604843819880714
2.604843819880714
2.604843819880714
2.604843819880714
2.604843819880714
2.604843819880714
2.6544970404758925
2.6544970404758925
2.6544970404758925
2.6544970404758925
2.6544970404758925
2.966200548047848
2.966200548047848
2.966200548047848
2.966200548047848
2.966200548047848
2.966200548047848
2.966200548047848
2.966200548047848
2.966200548047848
2.966200548047848
2.966200548047848
2.966200548047848
2.966200548047848
2.966200548047848
2.966200548047848
2.966200548047848
2.966200548047848
2.966200548047848
2.966200548047848
2.966200548047848
2.966200548047848
2.966200548047848
2.966200548047848
2.966200548047848
2.966200548047848
2.966200548047848
2.966200548047848
2.966200548047848
2.966200548047848
2.966200548047848
2.966200548047848
2.966200548047848
2.966200548047848
2.966200548047848
2.966200548047848
2.966200548047848
2.966200548047848
2.966200548047848
2.966200548047848
2.966200548047848
2.966200548047848
2.966200548047848
2.966200548047848
2.966200548047848
2.966200548047848
2.966200548047848
2.966200548047848
2.966200548047848
2.966200548047848
2.966200548047848
2.966200548047848
2.966200548047848
2.966200548047848
2.966200548047848
2.966200548047848
2.966200548047848
2.966200548047848
2.966200548047848
2.966200548047848
2.966200548047848
2.966200548047848
2.966200548047848
2.966200548047848
2.966200548047848
2.966200548047848
2.966200548047848
2.966200548047848
2.966200548047848
2.966200548047848
2.966200548047848
2.966200548047848
2.966200548047848
2.966200548047848
2.966200548047848
2.966200548047848
2.966200548047848
2.966200548047848
2.966200548047848
2.966200548047848
3.6117139246338374
3.6117139246338374
3.6117139246338374
3.919669208602896
3.919669208602896
3.919669208602896
3.919669208602896
3.919669208602896
3.919669208602896
3.919669208602896
3.919669208602896
3.9915339674460744
3.9915339674460744
4.091475705095489
4.091475705095489
4.1862603302346635
4.1862603302346635
4.1862603302346635
5.1024490897586
5.1024490897586
5.1024490897586
5.934676726289021
5.934676726289021
5.934676726289021
5.934676726289021
5.934676726289021
5.934676726289021
5.934676726289021
5.934676726289021
5.934676726289021
5.934676726289021
5.934676726289021
5.934676726289021
5.934676726289021
5.934676726289021
5.934676726289021
5.934676726289021
5.934676726289021
5.934676726289021
5.934676726289021
5.934676726289021
5.934676726289021
5.934676726289021
5.934676726289021
5.934676726289021
5.934676726289021
5.934676726289021
5.934676726289021
5.934676726289021
5.934676726289021
5.934676726289021
5.934676726289021
5.934676726289021
5.934676726289021
5.934676726289021
5.934676726289021
5.934676726289021
5.934676726289021
5.934676726289021
5.934676726289021
5.934676726289021
5.934676726289021
5.934676726289021
5.934676726289021
