3.436600402215051
6.39570531760708
7.014231405337248
7.014231405337248
7.014231405337248
7.014231405337248
7.014231405337248
7.014231405337248
7.014231405337248
7.014231405337248
7.014231405337248
7.014231405337248
7.014231405337248
7.014231405337248
7.014231405337248
7.014231405337248
7.014231405337248
7.077245575629423
7.077245575629423
7.807130648804236
7.807130648804236
7.807130648804236
7.807130648804236
7.807130648804236
7.807130648804236
7.807130648804236
7.807130648804236
7.807130648804236
7.807130648804236
7.807130648804236
7.807130648804236
7.807130648804236
7.807130648804236
7.807130648804236
7.807130648804236
7.807130648804236
7.807130648804236
7.807130648804236
7.807130648804236
7.807130648804236
7.807130648804236
7.807130648804236
7.807130648804236
7.807130648804236
7.807130648804236
7.807130648804236
7.807130648804236
7.807130648804236
7.807130648804236
7.807130648804236
7.807130648804236
7.807130648804236
7.807130648804236
7.807130648804236
7.807130648804236
7.807130648804236
7.807130648804236
7.807130648804236
7.807130648804236
7.807130648804236
7.807130648804236
7.807130648804236
7.807130648804236
7.807130648804236
7.807130648804236
7.807130648804236
7.807130648804236
7.807130648804236
7.807130648804236
7.807130648804236
7.807130648804236
7.807130648804236
7.807130648804236
7.807130648804236
7.807130648804236
7.807130648804236
7.807130648804236
7.807130648804236
7.807130648804236
7.807130648804236
7.807130648804236
7.807130648804236
7.807130648804236
7.807130648804236
7.807130648804236
7.807130648804236
7.807130648804236
7.807130648804236
7.807130648804236
7.807130648804236
7.807130648804236
7.807130648804236
7.807130648804236
7.807130648804236
7.807130648804236
7.807130648804236
7.807130648804236
7.807130648804236
7.807130648804236
7.807130648804236
7.807130648804236
7.807130648804236
7.807130648804236
7.807130648804236
7.807130648804236
7.807130648804236
7.807130648804236
7.807130648804236
7.807130648804236
7.807130648804236
7.807130648804236
7.807130648804236
7.807130648804236
7.807130648804236
7.807130648804236
7.807130648804236
7.807130648804236
7.807130648804236
7.807130648804236
7.807130648804236
7.807130648804236
7.807130648804236
7.807130648804236
7.807130648804236
7.807130648804236
7.807130648804236
7.807130648804236
7.807130648804236
7.807130648804236
7.807130648804236
7.807130648804236
7.807130648804236
7.807130648804236
7.807130648804236
8.079692935761189
8.079692935761189
8.079692935761189
8.079692935761189
8.079692935761189
8.079692935761189
8.079692935761189
8.079692935761189
8.079692935761189
8.079692935761189
8.079692935761189
8.079692935761189
8.079692935761189
8.079692935761189
8.079692935761189
8.079692935761189
8.079692935761189
8.079692935761189
8.079692935761189
8.079692935761189
8.079692935761189
8.079692935761189
8.079692935761189
8.079692935761189
8.079692935761189
8.079692935761189
8.079692935761189
8.079692935761189
8.079692935761189
8.079692935761189
8.079692935761189
8.079692935761189
8.079692935761189
8.079692935761189
8.079692935761189
8.079692935761189
8.079692935761189
8.079692935761189
8.079692935761189
8.079692935761189
8.079692935761189
8.079692935761189
8.079692935761189
8.079692935761189
8.079692935761189
8.079692935761189
8.079692935761189
8.079692935761189
8.079692935761189
8.079692935761189
8.079692935761189
8.079692935761189
8.079692935761189
8.079692935761189
8.079692935761189
8.079692935761189
8.079692935761189
8.079692935761189
8.079692935761189
8.079692935761189
8.079692935761189
8.079692935761189
8.079692935761189
8.079692935761189
8.079692935761189
8.079692935761189
