1.9023539882208091
2.1413259920865437
2.1413259920865437
2.7043499730737137
2.7043499730737137
2.7043499730737137
2.7043499730737137
3.0769371765334452
3.0769371765334452
3.0769371765334452
3.0769371765334452
3.0769371765334452
3.0769371765334452
3.0769371765334452
3.0769371765334452
3.0769371765334452
3.0769371765334452
3.0769371765334452
3.0769371765334452
3.0769371765334452
3.0769371765334452
3.0769371765334452
3.0769371765334452
3.1215082457976124
3.1215082457976124
3.1215082457976124
3.1215082457976124
3.1215082457976124
3.1215082457976124
3.1215082457976124
3.1215082457976124
3.1215082457976124
3.1215082457976124
3.1215082457976124
3.1215082457976124
3.1215082457976124
3.1215082457976124
3.1215082457976124
3.1215082457976124
3.1215082457976124
3.1215082457976124
3.1215082457976124
3.1215082457976124
3.1215082457976124
3.1215082457976124
3.1215082457976124
3.1215082457976124
3.1215082457976124
3.1215082457976124
3.1215082457976124
3.1215082457976124
3.45492589853799
3.45492589853799
3.45492589853799
3.45492589853799
3.45492589853799
3.45492589853799
3.45492589853799
3.45492589853799
3.45492589853799
3.45492589853799
3.45492589853799
3.45492589853799
3.45492589853799
3.45492589853799
3.45492589853799
3.45492589853799
3.45492589853799
3.45492589853799
3.45492589853799
3.45492589853799
3.45492589853799
3.45492589853799
3.45492589853799
3.45492589853799
3.45492589853799
3.45492589853799
3.45492589853799
3.45492589853799
3.990484837688757
3.990484837688757
5.200715599769664
5.200715599769664
5.200715599769664
5.200715599769664
5.200715599769664
5.65801978745372
5.65801978745372
5.65801978745372
6.081018711986636
6.081018711986636
6.081018711986636
6.081018711986636
6.081018711986636
6.081018711986636
6.081018711986636
6.081018711986636
6.081018711986636
6.081018711986636
6.081018711986636
6.60436429161885
6.60436429161885
6.60436429161885
7.689311433470497
7.689311433470497
7.689311433470497
7.689311433470497
7.689311433470497
7.689311433470497
7.689311433470497
7.689311433470497
7.689311433470497
7.689311433470497
7.689311433470497
7.689311433470497
8.204339475716758
8.204339475716758
8.204339475716758
8.204339475716758
8.204339475716758
8.204339475716758
8.204339475716758
8.204339475716758
8.204339475716758
8.204339475716758
8.204339475716758
8.204339475716758
8.204339475716758
8.204339475716758
8.204339475716758
8.204339475716758
8.204339475716758
8.204339475716758
8.204339475716758
8.204339475716758
8.204339475716758
8.204339475716758
8.204339475716758
8.204339475716758
8.204339475716758
8.204339475716758
8.204339475716758
8.204339475716758
8.204339475716758
8.204339475716758
8.204339475716758
8.204339475716758
8.204339475716758
8.204339475716758
8.204339475716758
8.204339475716758
8.204339475716758
8.204339475716758
8.204339475716758
8.204339475716758
8.204339475716758
8.204339475716758
8.204339475716758
8.204339475716758
8.204339475716758
8.204339475716758
8.681191712519006
8.681191712519006
8.681191712519006
8.681191712519006
8.681191712519006
9.1844036460055
9.1844036460055
9.1844036460055
9.1844036460055
9.1844036460055
9.1844036460055
9.1844036460055
9.1844036460055
9.1844036460055
9.1844036460055
9.1844036460055
9.1844036460055
9.1844036460055
9.1844036460055
9.1844036460055
9.1844036460055
9.1844036460055
9.1844036460055
9.1844036460055
9.1844036460055
9.1844036460055
9.1844036460055
9.1844036460055
9.1844036460055
9.1844036460055
9.1844036460055
9.1844036460055
9.1844036460055
9.1844036460055
9.1844036460055
9.1844036460055
9.1844036460055
9.1844036460055
9.1844036460055
