3.282620115325557
3.282620115325557
3.282620115325557
3.282620115325557
3.282620115325557
3.282620115325557
3.8015261344004045
3.8015261344004045
3.8015261344004045
3.8015261344004045
3.8015261344004045
3.8015261344004045
3.8015261344004045
3.8015261344004045
3.8015261344004045
3.8015261344004045
3.8015261344004045
4.1966993601401255
4.6996633798512955
5.748686453595797
5.748686453595797
5.748686453595797
5.748686453595797
6.19253888868705
6.19253888868705
6.19253888868705
6.19253888868705
6.19253888868705
6.19253888868705
6.19253888868705
6.19253888868705
6.19253888868705
6.19253888868705
6.19253888868705
6.19253888868705
6.19253888868705
6.19253888868705
6.19253888868705
6.19253888868705
6.19253888868705
6.19253888868705
6.19253888868705
6.19253888868705
6.19253888868705
6.19253888868705
6.19253888868705
6.19253888868705
6.19253888868705
6.19253888868705
6.19253888868705
6.19253888868705
6.19253888868705
6.19253888868705
6.19253888868705
6.19253888868705
6.19253888868705
6.19253888868705
6.19253888868705
6.19253888868705
6.19253888868705
6.19253888868705
6.298988948667381
6.298988948667381
6.298988948667381
6.298988948667381
6.298988948667381
6.298988948667381
6.298988948667381
6.298988948667381
6.298988948667381
6.298988948667381
6.298988948667381
6.298988948667381
6.298988948667381
6.298988948667381
6.298988948667381
6.298988948667381
6.384348745786767
6.384348745786767
6.384348745786767
6.384348745786767
6.384348745786767
6.384348745786767
6.384348745786767
6.384348745786767
6.384348745786767
6.384348745786767
6.384348745786767
6.384348745786767
6.384348745786767
6.384348745786767
6.384348745786767
6.384348745786767
6.384348745786767
6.384348745786767
6.384348745786767
6.384348745786767
6.384348745786767
6.384348745786767
6.384348745786767
6.384348745786767
6.384348745786767
6.384348745786767
6.384348745786767
6.384348745786767
6.976859205474002
6.976859205474002
6.976859205474002
6.976859205474002
6.976859205474002
6.976859205474002
6.976859205474002
6.976859205474002
6.976859205474002
6.976859205474002
6.976859205474002
6.976859205474002
6.976859205474002
6.976859205474002
6.976859205474002
6.976859205474002
6.976859205474002
6.976859205474002
6.976859205474002
6.976859205474002
6.976859205474002
6.976859205474002
6.976859205474002
6.976859205474002
6.976859205474002
6.976859205474002
6.976859205474002
6.976859205474002
6.976859205474002
6.976859205474002
6.976859205474002
6.976859205474002
6.976859205474002
6.976859205474002
6.976859205474002
6.976859205474002
6.976859205474002
6.976859205474002
6.976859205474002
6.976859205474002
6.976859205474002
6.976859205474002
6.976859205474002
6.976859205474002
6.976859205474002
6.976859205474002
6.976859205474002
6.976859205474002
6.976859205474002
6.976859205474002
6.976859205474002
6.976859205474002
6.976859205474002
6.976859205474002
6.976859205474002
6.976859205474002
6.976859205474002
6.976859205474002
6.976859205474002
6.976859205474002
6.976859205474002
6.976859205474002
6.976859205474002
6.976859205474002
6.976859205474002
6.976859205474002
6.976859205474002
6.976859205474002
6.976859205474002
6.976859205474002
6.976859205474002
6.976859205474002
6.976859205474002
6.976859205474002
6.976859205474002
6.976859205474002
6.976859205474002
6.976859205474002
6.976859205474002
6.976859205474002
6.976859205474002
6.976859205474002
6.976859205474002
6.976859205474002
6.976859205474002
6.976859205474002
6.976859205474002
6.976859205474002
6.976859205474002
6.976859205474002
6.976859205474002
6.976859205474002
6.976859205474002
6.976859205474002
6.976859205474002
