0.2651080907036272
0.47174582820054245
0.6071913932282836
0.9389175320702119
0.9389175320702119
0.9389175320702119
0.9389175320702119
0.9389175320702119
0.9389175320702119
0.9389175320702119
0.9389175320702119
0.9390439268399173
0.9390439268399173
0.9390439268399173
0.9396166696556667
0.9396166696556667
0.9396166696556667
0.9396166696556667
0.9396166696556667
0.9396166696556667
0.9396166696556667
0.9396166696556667
0.9396166696556667
0.9396166696556667
0.9396166696556667
0.9396166696556667
0.9396166696556667
0.9396166696556667
1.0701170091864436
1.1183140146938115
1.1183140146938115
1.5513892582018127
1.5513892582018127
1.5513892582018127
1.5513892582018127
1.5513892582018127
1.5513892582018127
1.5513892582018127
1.5513892582018127
1.5513892582018127
1.5513892582018127
1.5513892582018127
1.5513892582018127
1.5513892582018127
1.5513892582018127
1.5513892582018127
1.5513892582018127
1.5513892582018127
1.5513892582018127
1.5513892582018127
1.5513892582018127
1.5513892582018127
1.5513892582018127
1.5513892582018127
1.5513892582018127
1.5513892582018127
1.5513892582018127
1.5513892582018127
1.5513892582018127
1.5513892582018127
1.5513892582018127
1.5513892582018127
1.5513892582018127
1.5513892582018127
1.5513892582018127
1.5513892582018127
1.5513892582018127
1.5513892582018127
1.5513892582018127
1.5513892582018127
1.7018725495147322
1.7018725495147322
1.7018725495147322
1.8578966356816347
1.8578966356816347
1.8578966356816347
1.8578966356816347
1.9241184800399833
2.147285665811858
2.441849675018356
2.441849675018356
2.441849675018356
2.479953722534436
2.479953722534436
2.479953722534436
2.479953722534436
2.479953722534436
2.479953722534436
2.5059571291184057
2.5059571291184057
2.5059571291184057
2.5059571291184057
3.302960145314759
3.302960145314759
3.302960145314759
3.302960145314759
3.302960145314759
3.302960145314759
3.302960145314759
3.302960145314759
3.302960145314759
3.302960145314759
3.302960145314759
3.302960145314759
3.302960145314759
3.302960145314759
3.302960145314759
3.302960145314759
3.302960145314759
3.302960145314759
3.302960145314759
3.302960145314759
3.302960145314759
3.302960145314759
3.302960145314759
3.302960145314759
3.302960145314759
3.302960145314759
3.302960145314759
3.302960145314759
3.302960145314759
3.302960145314759
3.302960145314759
3.302960145314759
3.302960145314759
3.302960145314759
3.302960145314759
3.302960145314759
3.302960145314759
3.302960145314759
3.302960145314759
3.302960145314759
3.3704332026019563
3.3704332026019563
3.3704332026019563
3.3704332026019563
3.3704332026019563
3.3704332026019563
3.3704332026019563
3.3704332026019563
3.3704332026019563
3.3704332026019563
3.7947844902445595
3.7947844902445595
3.7947844902445595
3.7947844902445595
3.7947844902445595
3.7947844902445595
3.7947844902445595
3.7947844902445595
3.7947844902445595
3.7947844902445595
3.7947844902445595
3.7947844902445595
3.7947844902445595
4.10390997971437
4.10390997971437
4.10390997971437
4.10390997971437
4.10390997971437
4.10390997971437
4.10390997971437
4.10390997971437
4.10390997971437
4.10390997971437
4.10390997971437
4.10390997971437
4.10390997971437
4.10390997971437
4.10390997971437
4.10390997971437
4.10390997971437
4.10390997971437
4.10390997971437
4.10390997971437
4.10390997971437
4.10390997971437
4.10390997971437
4.10390997971437
4.10390997971437
4.10390997971437
4.10390997971437
4.10390997971437
4.10390997971437
4.10390997971437
4.10390997971437
4.10390997971437
4.10390997971437
4.10390997971437
4.10390997971437
4.10390997971437
4.10390997971437
4.10390997971437
4.10390997971437
4.10390997971437
4.10390997971437
4.10390997971437
4.10390997971437
4.10390997971437
4.10390997971437
