1.1825700275192805
2.4355596908387884
2.4355596908387884
2.4355596908387884
2.4355596908387884
2.4355596908387884
2.8715315988316625
2.8715315988316625
3.5308607363800926
3.5308607363800926
3.5308607363800926
3.5308607363800926
3.5308607363800926
3.5308607363800926
3.5308607363800926
3.5308607363800926
3.5308607363800926
3.5308607363800926
3.5308607363800926
3.5308607363800926
3.5308607363800926
3.5308607363800926
3.5308607363800926
3.5308607363800926
3.5308607363800926
3.5308607363800926
3.5308607363800926
3.5308607363800926
3.5308607363800926
3.5308607363800926
4.4982273378419
4.4982273378419
4.4982273378419
4.4982273378419
4.4982273378419
4.4982273378419
4.4982273378419
4.4982273378419
4.4982273378419
4.4982273378419
4.4982273378419
4.4982273378419
4.4982273378419
4.4982273378419
4.4982273378419
4.4982273378419
4.4982273378419
4.4982273378419
4.4982273378419
4.4982273378419
4.4982273378419
4.4982273378419
4.4982273378419
4.4982273378419
4.4982273378419
4.4982273378419
4.4982273378419
4.4982273378419
4.4982273378419
4.4982273378419
4.4982273378419
4.4982273378419
4.4982273378419
4.4982273378419
4.4982273378419
4.4982273378419
4.4982273378419
4.4982273378419
4.4982273378419
4.4982273378419
4.4982273378419
4.4982273378419
4.4982273378419
4.4982273378419
4.4982273378419
4.4982273378419
4.4982273378419
4.4982273378419
4.4982273378419
4.4982273378419
4.4982273378419
4.4982273378419
4.4982273378419
4.4982273378419
4.4982273378419
4.519136718814934
4.519136718814934
4.519136718814934
4.519136718814934
4.519136718814934
4.519136718814934
4.519136718814934
4.519136718814934
4.519136718814934
4.519136718814934
4.519136718814934
4.519136718814934
4.519136718814934
4.519136718814934
4.519136718814934
4.519136718814934
4.519136718814934
4.519136718814934
4.519136718814934
4.519136718814934
4.519136718814934
4.519136718814934
4.519136718814934
4.519136718814934
4.519136718814934
4.519136718814934
4.519136718814934
4.519136718814934
4.519136718814934
4.519136718814934
4.519136718814934
4.519136718814934
4.519136718814934
4.519136718814934
4.519136718814934
4.519136718814934
4.519136718814934
4.519136718814934
4.519136718814934
4.519136718814934
4.519136718814934
4.519136718814934
4.519136718814934
4.519136718814934
4.519136718814934
4.519136718814934
4.519136718814934
4.519136718814934
4.519136718814934
4.519136718814934
4.519136718814934
4.519136718814934
4.519136718814934
4.519136718814934
4.519136718814934
4.519136718814934
4.519136718814934
4.519136718814934
4.519136718814934
4.519136718814934
4.519136718814934
4.519136718814934
4.519136718814934
4.519136718814934
4.737132643387296
4.737132643387296
4.737132643387296
4.737132643387296
4.737132643387296
4.737132643387296
4.737132643387296
4.737132643387296
4.737132643387296
4.737132643387296
4.737132643387296
4.737132643387296
4.737132643387296
4.737132643387296
4.737132643387296
4.737132643387296
4.737132643387296
4.737132643387296
4.737132643387296
4.737132643387296
4.737132643387296
4.737132643387296
4.737132643387296
4.737132643387296
4.737132643387296
4.737132643387296
4.737132643387296
4.737132643387296
4.737132643387296
4.737132643387296
4.737132643387296
4.737132643387296
4.737132643387296
4.737132643387296
4.737132643387296
4.737132643387296
4.737132643387296
4.737132643387296
4.737132643387296
4.737132643387296
4.737132643387296
4.737132643387296
4.737132643387296
4.737132643387296
4.737132643387296
4.737132643387296
4.737132643387296
4.737132643387296
4.737132643387296
4.737132643387296
4.737132643387296
