0.8349038659518031
4.2282353209884125
4.42479096889678
4.42479096889678
4.42479096889678
5.925078961481634
5.925078961481634
6.363175727068869
6.363175727068869
6.363175727068869
6.787242557692768
6.787242557692768
7.16369337157458
7.16369337157458
7.16369337157458
7.16369337157458
7.16369337157458
7.16369337157458
7.16369337157458
7.16369337157458
7.16369337157458
7.16369337157458
7.16369337157458
7.228305532463905
7.228305532463905
7.228305532463905
7.228305532463905
7.598726952824507
7.598726952824507
7.598726952824507
7.598726952824507
7.598726952824507
7.598726952824507
7.598726952824507
7.598726952824507
7.815141618296349
7.815141618296349
7.8508599825371
7.8508599825371
8.023235500940975
8.13907025006157
8.13907025006157
8.13907025006157
8.13907025006157
8.13907025006157
8.13907025006157
8.13907025006157
8.13907025006157
8.165788299154757
8.165788299154757
8.165788299154757
8.165788299154757
8.165788299154757
8.165788299154757
8.165788299154757
8.165788299154757
8.165788299154757
8.165788299154757
8.165788299154757
8.165788299154757
8.165788299154757
8.165788299154757
8.165788299154757
8.165788299154757
8.165788299154757
8.165788299154757
8.165788299154757
8.165788299154757
8.165788299154757
8.165788299154757
8.165788299154757
8.165788299154757
8.165788299154757
8.165788299154757
8.165788299154757
8.165788299154757
8.165788299154757
8.165788299154757
8.165788299154757
8.165788299154757
8.165788299154757
8.165788299154757
8.165788299154757
8.165788299154757
8.165788299154757
8.218255806891165
8.218255806891165
8.276446206433475
8.276446206433475
8.276446206433475
8.276446206433475
8.276446206433475
8.28989498786943
8.28989498786943
8.28989498786943
8.427442621111151
8.427442621111151
8.427442621111151
8.427442621111151
8.427442621111151
8.427442621111151
8.427442621111151
8.427442621111151
8.427442621111151
8.427442621111151
8.427442621111151
8.427442621111151
8.427442621111151
8.498185794519378
8.498185794519378
8.498185794519378
8.498185794519378
8.498185794519378
8.498185794519378
8.498185794519378
8.498185794519378
8.498185794519378
8.498185794519378
8.498185794519378
8.498185794519378
8.498185794519378
8.498185794519378
8.498185794519378
8.498185794519378
8.498185794519378
8.498185794519378
8.498185794519378
8.498185794519378
8.498185794519378
8.498185794519378
8.498185794519378
8.498185794519378
8.519512333573312
8.519512333573312
8.519512333573312
8.519512333573312
8.519512333573312
8.519512333573312
8.519512333573312
8.519512333573312
8.519512333573312
8.519512333573312
8.519512333573312
8.519512333573312
8.519512333573312
8.519512333573312
8.519512333573312
8.519512333573312
8.519512333573312
8.519512333573312
8.519512333573312
8.519512333573312
8.519512333573312
8.519512333573312
8.519512333573312
8.519512333573312
8.519512333573312
8.560903897565888
8.560903897565888
8.560903897565888
8.560903897565888
8.560903897565888
8.560903897565888
8.560903897565888
8.560903897565888
8.560903897565888
8.560903897565888
8.560903897565888
8.560903897565888
8.560903897565888
8.560903897565888
8.560903897565888
8.560903897565888
8.560903897565888
8.560903897565888
8.560903897565888
8.560903897565888
8.560903897565888
8.560903897565888
8.560903897565888
8.560903897565888
8.560903897565888
8.560903897565888
8.560903897565888
8.560903897565888
8.560903897565888
8.560903897565888
8.560903897565888
8.560903897565888
8.560903897565888
8.560903897565888
8.560903897565888
8.560903897565888
8.560903897565888
8.560903897565888
8.560903897565888
8.560903897565888
8.560903897565888
8.560903897565888
8.560903897565888
